446,532
358,357
1089,450
775,185
722,783
509,39
337,671
1142,447
14,357
310,346
1143,427
69,423
844,35
380,174
1108,465
279,474
887,184
1127,495
484,471
353,372
207,784
231,138
996,236
91,20
746,36
1105,186
376,560
381,286
603,178
1076,562
863,120
1053,511
198,561
384,81
80,118
828,631
585,152
515,671
799,704
588,584
165,151
926,596
250,546
548,694
968,60
106,665
498,593
301,204
695,337
876,382
570,446
950,170
527,37
208,312
321,114
341,669
301,278
330,97
1063,349
609,391
594,619
116,788
461,127
36,515
236,689
452,310
230,671
608,195
277,156
1120,66
1036,471
239,353
720,197
802,458
514,453
1140,605
767,358
1066,418
178,572
478,619
402,79
903,60
543,331
1104,457
609,249
771,112
955,95
366,456
943,262
719,410
587,762
203,307
35,331
63,755
967,695
334,477
540,292
352,206
444,359
635,30
529,170
